82039992100872
101892377578885
7337109606
128632328026481
80749248680298
105344001565875
81651907228730
87974237012827
116191142108744
91367310285933
70482759512023
7312590021
138885470559593
133839562938478
7343829416
115561889672235
16824010398
79179754112645
71442991044572
10341831228
108366643040468
108614468049000
95249463492051
136257789585283
18421246629
87665818824613
106997522703563
120821107678315
102929481001697
16543341546
89018895539831
135642788078365
88078351424285
77122735445569
74583721952815
128029782776593
114579132350715
12834203949
7323617084
9305272281503
17393053004
123538435734322
7337109606
71425201230344
96405343648059
18468143614
136156409400293
95112621579810
122314661045764
114192117051649
94805557241824 
93052722815036
